68	-1	-1	-1	-1	-1	-1	-1	-1	-1	189	229	37	102	95	-1	-1	-1	-1	-1	-1	-1	-1	-1	-1	197	89	35	18	71	227	-1	-1	-1	-1	-1	-1	-1	-1	-1	59	47	46	239	98	-1	-1	-1	-1	-1	-1	-1	-1	-1	-1	176	156	-1	171	-1	-1	-1	-1	-1	-1	-1	-1	-1	-1	79	-1	56	-1	53	-1	-1	-1	-1	-1	-1	-1	-1	-1	10	78	70	178	52	-1	-1	-1	-1	-1	-1	-1	-1	-1	-1	207	153	25	180	-1	-1	-1	-1	-1	-1	-1	-1	-1	-1	190	206	14	228	-1	-1	-1	-1	-1	-1	-1	-1	-1	-1	172	51	15	-1	143	-1	-1	-1	-1	-1	-1	-1	-1	-1	-1	248	188	146
136	64	-1	-1	-1	-1	-1	-1	-1	-1	-1	157	85	226	45	166	-1	-1	-1	-1	-1	-1	-1	-1	-1	-1	18	138	152	124	145	213	-1	-1	-1	-1	-1	-1	-1	-1	-1	61	50	126	230	8	-1	-1	-1	-1	-1	-1	-1	-1	-1	-1	187	105	244	132	78	-1	-1	-1	-1	-1	-1	-1	-1	-1	143	171	198	250	25	-1	-1	-1	-1	-1	-1	-1	-1	-1	240	197	174	219	34	-1	-1	-1	-1	-1	-1	-1	-1	-1	-1	251	-1	232	73	5	-1	-1	-1	-1	-1	-1	-1	-1	-1	238	11	161	194	54	-1	-1	-1	-1	-1	-1	-1	-1	-1	35	6	114	170	117	-1	-1	-1	-1	-1	-1	-1	-1	-1	83	123	217
-1	59	205	-1	-1	-1	-1	-1	-1	-1	-1	-1	127	80	-1	110	-1	-1	-1	-1	-1	-1	-1	-1	-1	-1	-1	-1	69	128	157	78	136	-1	-1	-1	-1	-1	-1	-1	-1	-1	239	226	111	207	100	-1	-1	-1	-1	-1	-1	-1	-1	-1	-1	129	35	15	32	168	-1	-1	-1	-1	-1	-1	-1	-1	-1	51	49	196	64	208	-1	-1	-1	-1	-1	-1	-1	-1	-1	24	86	101	114	52	-1	-1	-1	-1	-1	-1	-1	-1	-1	-1	190	148	138	159	0	-1	-1	-1	-1	-1	-1	-1	-1	-1	253	53	121	247	-1	-1	-1	-1	-1	-1	-1	-1	-1	-1	186	210	164	218	9	-1	-1	-1	-1	-1	-1	-1	-1	-1	187	220
251	195	92	206	-1	-1	-1	-1	-1	-1	-1	-1	-1	41	122	-1	58	176	-1	-1	-1	-1	-1	-1	-1	-1	-1	-1	-1	154	-1	172	59	149	-1	-1	-1	-1	-1	-1	-1	-1	-1	130	169	188	109	156	-1	-1	-1	-1	-1	-1	-1	-1	-1	-1	164	43	191	138	105	-1	-1	-1	-1	-1	-1	-1	-1	-1	197	173	196	-1	9	-1	-1	-1	-1	-1	-1	-1	-1	-1	193	222	-1	-1	62	-1	-1	-1	-1	-1	-1	-1	-1	-1	-1	113	84	119	181	118	-1	-1	-1	-1	-1	-1	-1	-1	-1	128	155	31	139	116	-1	-1	-1	-1	-1	-1	-1	-1	-1	39	248	165	150	104	-1	-1	-1	-1	-1	-1	-1	-1	-1	77
124	185	139	72	44	-1	-1	-1	-1	-1	-1	-1	-1	-1	228	102	47	140	230	93	-1	-1	-1	-1	-1	-1	-1	-1	-1	-1	183	226	-1	239	187	-1	-1	-1	-1	-1	-1	-1	-1	-1	-1	31	7	133	129	-1	-1	-1	-1	-1	-1	-1	-1	-1	-1	171	80	218	81	178	-1	-1	-1	-1	-1	-1	-1	-1	-1	111	193	160	157	158	-1	-1	-1	-1	-1	-1	-1	-1	-1	144	197	114	150	143	25	-1	-1	-1	-1	-1	-1	-1	-1	-1	165	79	-1	241	235	-1	-1	-1	-1	-1	-1	-1	-1	-1	83	194	91	56	126	-1	-1	-1	-1	-1	-1	-1	-1	-1	151	52	6	100	16	-1	-1	-1	-1	-1	-1	-1	-1	-1
-1	110	224	30	46	229	-1	-1	-1	-1	-1	-1	-1	-1	-1	90	184	141	253	177	237	-1	-1	-1	-1	-1	-1	-1	-1	-1	-1	-1	176	183	27	82	-1	-1	-1	-1	-1	-1	-1	-1	-1	119	-1	-1	-1	-1	-1	-1	-1	-1	-1	-1	-1	-1	-1	-1	246	230	24	202	142	-1	-1	-1	-1	-1	-1	-1	-1	-1	166	49	0	200	98	-1	-1	-1	-1	-1	-1	-1	-1	-1	201	107	130	234	171	122	-1	-1	-1	-1	-1	-1	-1	-1	-1	-1	58	63	242	33	-1	-1	-1	-1	-1	-1	-1	-1	-1	79	197	175	81	153	-1	-1	-1	-1	-1	-1	-1	-1	-1	238	181	72	34	51	-1	-1	-1	-1	-1	-1	-1	-1
-1	-1	19	-1	157	75	216	-1	-1	-1	-1	-1	-1	-1	-1	-1	104	159	-1	107	42	91	-1	-1	-1	-1	-1	-1	-1	-1	-1	-1	207	199	-1	212	95	-1	-1	-1	-1	-1	-1	-1	-1	-1	68	208	21	156	189	-1	-1	-1	-1	-1	-1	-1	-1	-1	-1	164	184	167	201	86	-1	-1	-1	-1	-1	-1	-1	-1	-1	121	76	252	4	142	-1	-1	-1	-1	-1	-1	-1	-1	-1	182	98	-1	33	246	213	-1	-1	-1	-1	-1	-1	-1	-1	-1	153	204	221	23	103	-1	-1	-1	-1	-1	-1	-1	-1	-1	155	209	47	112	11	-1	-1	-1	-1	-1	-1	-1	-1	-1	44	239	31	198	26	-1	-1	-1	-1	-1	-1	-1
-1	-1	-1	29	-1	-1	211	124	-1	-1	-1	-1	-1	-1	-1	-1	-1	69	206	66	110	219	222	-1	-1	-1	-1	-1	-1	-1	-1	-1	-1	174	19	-1	113	105	-1	-1	-1	-1	-1	-1	-1	-1	-1	179	35	121	3	42	-1	-1	-1	-1	-1	-1	-1	-1	-1	-1	-1	-1	119	180	192	-1	-1	-1	-1	-1	-1	-1	-1	-1	200	178	41	37	103	-1	-1	-1	-1	-1	-1	-1	-1	-1	-1	137	-1	56	100	164	-1	-1	-1	-1	-1	-1	-1	-1	-1	181	-1	51	182	241	-1	-1	-1	-1	-1	-1	-1	-1	-1	217	68	-1	-1	28	-1	-1	-1	-1	-1	-1	-1	-1	-1	128	93	54	193	238	-1	-1	-1	-1	-1	-1
-1	-1	-1	-1	205	240	128	249	126	-1	-1	-1	-1	-1	-1	-1	-1	-1	79	232	38	9	175	-1	-1	-1	-1	-1	-1	-1	-1	-1	-1	-1	41	206	50	217	180	-1	-1	-1	-1	-1	-1	-1	-1	-1	207	252	62	-1	247	223	-1	-1	-1	-1	-1	-1	-1	-1	-1	181	168	65	-1	12	-1	-1	-1	-1	-1	-1	-1	-1	-1	241	97	68	82	60	-1	-1	-1	-1	-1	-1	-1	-1	-1	91	20	208	93	188	149	-1	-1	-1	-1	-1	-1	-1	-1	-1	85	230	-1	189	106	-1	-1	-1	-1	-1	-1	-1	-1	-1	201	203	55	72	108	-1	-1	-1	-1	-1	-1	-1	-1	-1	173	104	52	102	150	-1	-1	-1	-1	-1
-1	-1	-1	-1	-1	227	190	245	143	167	-1	-1	-1	-1	-1	-1	-1	-1	-1	-1	128	196	-1	15	113	-1	-1	-1	-1	-1	-1	-1	-1	-1	-1	71	58	32	185	50	-1	-1	-1	-1	-1	-1	-1	-1	-1	110	-1	239	24	104	52	-1	-1	-1	-1	-1	-1	-1	-1	-1	9	29	231	67	179	-1	-1	-1	-1	-1	-1	-1	-1	-1	208	137	64	61	163	-1	-1	-1	-1	-1	-1	-1	-1	-1	-1	68	-1	60	55	238	-1	-1	-1	-1	-1	-1	-1	-1	-1	181	142	188	-1	126	-1	-1	-1	-1	-1	-1	-1	-1	-1	192	186	129	156	144	-1	-1	-1	-1	-1	-1	-1	-1	-1	171	244	249	173	66	-1	-1	-1	-1
-1	-1	-1	-1	-1	-1	65	-1	103	228	251	-1	-1	-1	-1	-1	-1	-1	-1	-1	-1	250	173	132	129	58	-1	-1	-1	-1	-1	-1	-1	-1	-1	-1	222	78	-1	-1	213	-1	-1	-1	-1	-1	-1	-1	-1	-1	109	50	197	20	176	206	-1	-1	-1	-1	-1	-1	-1	-1	-1	-1	15	195	107	118	-1	-1	-1	-1	-1	-1	-1	-1	-1	14	25	236	115	19	-1	-1	-1	-1	-1	-1	-1	-1	-1	-1	148	28	-1	216	149	-1	-1	-1	-1	-1	-1	-1	-1	-1	9	237	40	-1	235	-1	-1	-1	-1	-1	-1	-1	-1	-1	6	-1	188	75	94	-1	-1	-1	-1	-1	-1	-1	-1	-1	83	134	7	249	190	-1	-1	-1
-1	-1	-1	-1	-1	-1	-1	188	150	75	40	29	-1	-1	-1	-1	-1	-1	-1	-1	-1	-1	249	95	252	76	245	-1	-1	-1	-1	-1	-1	-1	-1	-1	-1	216	147	244	113	18	-1	-1	-1	-1	-1	-1	-1	-1	-1	35	101	168	63	196	231	-1	-1	-1	-1	-1	-1	-1	-1	-1	177	255	30	232	251	-1	-1	-1	-1	-1	-1	-1	-1	-1	225	121	111	65	223	-1	-1	-1	-1	-1	-1	-1	-1	-1	-1	117	-1	214	229	160	-1	-1	-1	-1	-1	-1	-1	-1	-1	11	148	138	208	66	-1	-1	-1	-1	-1	-1	-1	-1	-1	0	253	97	24	100	-1	-1	-1	-1	-1	-1	-1	-1	-1	189	134	108	3	224	-1	-1
-1	-1	-1	-1	-1	-1	-1	-1	-1	-1	112	-1	-1	-1	-1	-1	-1	-1	-1	-1	-1	-1	-1	102	233	193	216	101	254	-1	-1	-1	-1	-1	-1	-1	-1	-1	235	145	237	-1	70	-1	-1	-1	-1	-1	-1	-1	-1	-1	179	-1	230	106	16	131	-1	-1	-1	-1	-1	-1	-1	-1	-1	84	-1	53	126	104	-1	-1	-1	-1	-1	-1	-1	-1	-1	89	25	-1	47	-1	-1	-1	-1	-1	-1	-1	-1	-1	-1	-1	196	253	142	162	124	-1	-1	-1	-1	-1	-1	-1	-1	-1	8	87	7	83	79	-1	-1	-1	-1	-1	-1	-1	-1	-1	248	-1	14	29	218	-1	-1	-1	-1	-1	-1	-1	-1	-1	36	205	94	176	175	-1
-1	-1	-1	-1	-1	-1	-1	-1	-1	83	23	15	90	190	-1	-1	-1	-1	-1	-1	-1	-1	-1	-1	27	152	247	164	-1	234	-1	-1	-1	-1	-1	-1	-1	-1	-1	98	195	14	-1	65	-1	-1	-1	-1	-1	-1	-1	-1	-1	-1	153	110	96	184	143	-1	-1	-1	-1	-1	-1	-1	-1	-1	226	64	29	-1	177	-1	-1	-1	-1	-1	-1	-1	-1	-1	102	40	172	18	-1	-1	-1	-1	-1	-1	-1	-1	-1	-1	-1	213	188	30	250	186	-1	-1	-1	-1	-1	-1	-1	-1	-1	111	46	81	114	71	-1	-1	-1	-1	-1	-1	-1	-1	-1	154	204	-1	43	136	-1	-1	-1	-1	-1	-1	-1	-1	-1	7	19	103	167	198
