//由于曾试过其他发送码长的码字，导致重新用512码长时，校验矩阵发送了改变
//因此实际仿真结果会有稍微改变，但影响不大

MS
MSEBN0=[0                ,0.5              ,1              ,1.5             ,2                ,2.5            ,3               ,3.5             ,3.6             ,3.7];
MSBER=[ 0.1637          ,0.1385        ,0.1035      ,0.0581       ,0.0196         ,0.0038       ,3.6719e-04,2.4219e-05,1.0937e-05 ,3.1250e-06];
%MSSER=[ 0.9994        ,0.9880        ,0.9124      ,0.6568       ,0.2834        ,0.0670       ,0.0072       ,6.0000e-04,4.0000e-04 ,2.0000e-04];
%MSITER=[19.9968      ,19.9232      ,19.4040     ,17.0508     ,12.4436      ,8.0394       ,5.2930       ,3.9358       ,3.7476        ,3.5566];
%MSTIME=[572.309308,568.990880,560.968868,495.875601,361.996968,243.329284,165.703722,137.633873,122.487594,117.022341];

improved_serialBP
EBN0=[0                 0.5             ,1                ,1.5              ,2              ,2.5             ,3               ,3.1           ,3.2       ];%3.5
BER=[ 0.1633           0.1357       ,0.0971        ,0.0498        ,0.0148       ,0.0024       ,1.2109e-04,6.9922e-05,2.3437e-06];%0
% SER=[ 0.9982  ,     0.9730       ,0.8516        ,0.5328        ,0.1940       ,0.0384       ,0.0028       ,0.0014       ,2.0000e-04];%0
% ITER=[19.9820 ,     19.7434     ,18.4570      ,14.4216      ,8.9280       ,4.9932       ,3.1472       ,2.9298       ,2.7360    ];%2.3744
% TIME=[636.889088,636.422791,599.764389,475.274358,302.357559,183.543242,127.148153,120.639425,113.272524];%101.919836

serial_BP
EBN0=   [0                0.5             ,1               ,1.5             ,2               ,2.5            ,3               ,3.1            ,3.2            ,3.5             ,3.6 	];
% BER=  [0.1634       ,0.1380       ,0.1011       ,0.0544        ,0.0157       ,0.0025       ,1.9121e-04,1.0625e-04,2.6172e-05,5.9609e-06,2.5391e-06];
% SER=  [0.9976  ,     0.9818       ,0.8654       ,0.5690        ,0.1972       ,0.0372       ,0.0034       ,0.0024       ,8.0000e-04,2.0000e-04,2.0000e-04];
% ITER= [19.9782 ,    19.8302      ,18.5876     ,14.8658      ,8.9612       ,5.0890       ,3.3738       ,3.1806       ,3.0186       ,2.6194      ,2.5264       ];
% TIME=[560.529049,549.507797,515.820362,424.816183,271.912221,161.093234,122.746635,113.147695,110.855124,99.286158,98.3987705];
generation_serialBP/yuzhi=EBN0+4
% gedaiEBN0=[0               ,0.5            ,1               ,1.5             ,2               ,2.5             ,3               ,3.2            ,3.5            ,3.6];
% gedaiBER=[ 0.1627         ,0.1344      ,0.0912       ,0.0438        ,0.0130       ,0.0019       ,1.0508e-04,2.5391e-05,9.3750e-06,1.1719e-06];
% gedaiBER=[ 0.9948         ,0.9654      ,0.8056       ,0.4770        ,0.1676       ,0.0306       ,0.0022       ,1.0000e-04,2.0000e-04,2.0000e-04];
% gedaiITER=[19.9664       ,19.7092     ,18.0300     ,13.8590      ,8.5334       ,4.7904       ,3.0866       ,2.7546       ,2.4068       ,2.2970];
% gedaiTIME=[569.141777,542.631528,485.904941,369.023526,238.826888,145.426173,105.594669,94.997233 ,88.484107  ,84.188220];