162	-1	-1	-1	-1	-1	-1	-1	-1	-1	-1	-1	126	196	122	221	161	5	-1	-1	-1	-1	-1	-1	-1	-1	-1	-1	-1	-1	93	158	52	219	-1	-1	-1	-1	-1	-1	-1	-1	-1	-1	-1	-1	146	241	-1	178	100	-1	-1	-1	-1	-1	-1	-1	-1	-1	-1	-1	-1	228	30	-1	135	-1	-1	-1	-1	-1	-1	-1	-1	-1	-1	-1	11	-1	166	183	169	-1	-1	-1	-1	-1	-1	-1	-1	-1	-1	-1	129	229	172	188	87	-1	-1	-1	-1	-1	-1	-1	-1	-1	-1	-1	97	231	223	150	107	-1	-1	-1	-1	-1	-1	-1	-1	-1	-1	-1	110	65	-1	81	0	-1	-1	-1	-1	-1	-1	-1	-1	-1	-1	-1	-1	154	37	198
237	89	-1	-1	-1	-1	-1	-1	-1	-1	-1	-1	-1	214	136	-1	197	204	194	-1	-1	-1	-1	-1	-1	-1	-1	-1	-1	-1	227	-1	209	55	205	-1	-1	-1	-1	-1	-1	-1	-1	-1	-1	-1	-1	32	133	-1	140	224	-1	-1	-1	-1	-1	-1	-1	-1	-1	-1	-1	70	195	40	109	181	-1	-1	-1	-1	-1	-1	-1	-1	-1	-1	-1	19	255	91	188	196	-1	-1	-1	-1	-1	-1	-1	-1	-1	-1	-1	145	13	173	242	178	-1	-1	-1	-1	-1	-1	-1	-1	-1	-1	-1	6	77	92	85	111	-1	-1	-1	-1	-1	-1	-1	-1	-1	-1	-1	119	175	180	114	128	-1	-1	-1	-1	-1	-1	-1	-1	-1	-1	-1	177	206	100
40	66	12	-1	-1	-1	-1	-1	-1	-1	-1	-1	-1	-1	93	250	-1	-1	217	210	-1	-1	-1	-1	-1	-1	-1	-1	-1	-1	-1	155	228	161	27	26	-1	-1	-1	-1	-1	-1	-1	-1	-1	-1	-1	-1	11	103	-1	229	165	-1	-1	-1	-1	-1	-1	-1	-1	-1	-1	-1	116	154	73	84	151	-1	-1	-1	-1	-1	-1	-1	-1	-1	-1	-1	92	28	209	163	159	-1	-1	-1	-1	-1	-1	-1	-1	-1	-1	-1	185	218	191	134	71	-1	-1	-1	-1	-1	-1	-1	-1	-1	-1	-1	246	249	100	58	53	-1	-1	-1	-1	-1	-1	-1	-1	-1	-1	-1	149	41	94	118	174	-1	-1	-1	-1	-1	-1	-1	-1	-1	-1	-1	39	81
-1	-1	201	-1	-1	-1	-1	-1	-1	-1	-1	-1	-1	-1	-1	-1	26	13	175	-1	112	-1	-1	-1	-1	-1	-1	-1	-1	-1	-1	-1	163	179	152	21	51	-1	-1	-1	-1	-1	-1	-1	-1	-1	-1	-1	-1	59	17	215	49	244	-1	-1	-1	-1	-1	-1	-1	-1	-1	-1	-1	115	140	114	-1	80	-1	-1	-1	-1	-1	-1	-1	-1	-1	-1	-1	113	-1	65	-1	235	-1	-1	-1	-1	-1	-1	-1	-1	-1	-1	-1	214	-1	153	218	194	-1	-1	-1	-1	-1	-1	-1	-1	-1	-1	-1	95	74	192	43	168	-1	-1	-1	-1	-1	-1	-1	-1	-1	-1	-1	98	233	24	183	136	-1	-1	-1	-1	-1	-1	-1	-1	-1	-1	-1	144
27	29	150	210	154	-1	-1	-1	-1	-1	-1	-1	-1	-1	-1	-1	-1	232	-1	102	207	59	-1	-1	-1	-1	-1	-1	-1	-1	-1	-1	-1	86	58	60	208	134	-1	-1	-1	-1	-1	-1	-1	-1	-1	-1	-1	-1	121	97	4	167	171	-1	-1	-1	-1	-1	-1	-1	-1	-1	-1	-1	43	36	17	179	99	-1	-1	-1	-1	-1	-1	-1	-1	-1	-1	-1	255	3	137	98	77	-1	-1	-1	-1	-1	-1	-1	-1	-1	-1	-1	61	176	54	45	244	-1	-1	-1	-1	-1	-1	-1	-1	-1	-1	-1	28	191	18	187	109	-1	-1	-1	-1	-1	-1	-1	-1	-1	-1	-1	184	56	188	10	57	-1	-1	-1	-1	-1	-1	-1	-1	-1	-1	-1
-1	120	135	4	26	141	-1	-1	-1	-1	-1	-1	-1	-1	-1	-1	-1	-1	99	219	130	241	108	-1	-1	-1	-1	-1	-1	-1	-1	-1	-1	-1	-1	58	25	-1	-1	-1	-1	-1	-1	-1	-1	-1	-1	-1	-1	-1	-1	71	94	57	180	-1	-1	-1	-1	-1	-1	-1	-1	-1	-1	-1	-1	16	93	9	229	12	-1	-1	-1	-1	-1	-1	-1	-1	-1	-1	-1	238	51	64	255	105	-1	-1	-1	-1	-1	-1	-1	-1	-1	-1	-1	179	-1	-1	232	246	-1	-1	-1	-1	-1	-1	-1	-1	-1	-1	-1	107	210	126	134	2	-1	-1	-1	-1	-1	-1	-1	-1	-1	-1	-1	91	50	194	213	24	-1	-1	-1	-1	-1	-1	-1	-1	-1	-1
-1	-1	-1	125	212	-1	229	-1	-1	-1	-1	-1	-1	-1	-1	-1	-1	-1	-1	238	35	168	251	182	-1	-1	-1	-1	-1	-1	-1	-1	-1	-1	-1	-1	56	18	180	206	-1	-1	-1	-1	-1	-1	-1	-1	-1	-1	-1	-1	69	248	197	84	241	-1	-1	-1	-1	-1	-1	-1	-1	-1	-1	-1	205	102	-1	39	-1	-1	-1	-1	-1	-1	-1	-1	-1	-1	-1	-1	16	27	145	181	123	-1	-1	-1	-1	-1	-1	-1	-1	-1	-1	-1	118	141	252	8	107	-1	-1	-1	-1	-1	-1	-1	-1	-1	-1	-1	163	183	23	217	-1	-1	-1	-1	-1	-1	-1	-1	-1	-1	-1	-1	164	67	157	58	6	-1	-1	-1	-1	-1	-1	-1	-1	-1
-1	-1	-1	122	76	119	228	24	-1	-1	-1	-1	-1	-1	-1	-1	-1	-1	-1	-1	87	-1	-1	235	33	-1	-1	-1	-1	-1	-1	-1	-1	-1	-1	-1	227	34	53	156	68	-1	-1	-1	-1	-1	-1	-1	-1	-1	-1	-1	-1	108	-1	12	131	59	-1	-1	-1	-1	-1	-1	-1	-1	-1	-1	-1	40	80	219	226	6	-1	-1	-1	-1	-1	-1	-1	-1	-1	-1	-1	229	-1	52	22	144	-1	-1	-1	-1	-1	-1	-1	-1	-1	-1	-1	178	134	106	54	199	-1	-1	-1	-1	-1	-1	-1	-1	-1	-1	-1	208	174	4	203	66	-1	-1	-1	-1	-1	-1	-1	-1	-1	-1	-1	147	161	97	124	110	-1	-1	-1	-1	-1	-1	-1	-1
-1	-1	-1	-1	-1	239	162	123	80	-1	-1	-1	-1	-1	-1	-1	-1	-1	-1	-1	-1	54	215	40	24	133	-1	-1	-1	-1	-1	-1	-1	-1	-1	-1	-1	100	156	-1	177	224	26	-1	-1	-1	-1	-1	-1	-1	-1	-1	-1	-1	47	232	116	122	9	-1	-1	-1	-1	-1	-1	-1	-1	-1	-1	-1	210	134	114	-1	-1	-1	-1	-1	-1	-1	-1	-1	-1	-1	-1	-1	237	-1	182	-1	-1	-1	-1	-1	-1	-1	-1	-1	-1	-1	-1	-1	61	50	150	57	-1	-1	-1	-1	-1	-1	-1	-1	-1	-1	-1	-1	205	255	113	166	43	-1	-1	-1	-1	-1	-1	-1	-1	-1	-1	-1	188	120	167	104	115	-1	-1	-1	-1	-1	-1	-1
-1	-1	-1	-1	-1	109	31	174	199	8	-1	-1	-1	-1	-1	-1	-1	-1	-1	-1	-1	-1	137	58	187	139	200	-1	-1	-1	-1	-1	-1	-1	-1	-1	-1	-1	92	9	237	252	-1	170	-1	-1	-1	-1	-1	-1	-1	-1	-1	-1	-1	38	-1	161	87	134	-1	-1	-1	-1	-1	-1	-1	-1	-1	-1	-1	-1	77	37	124	-1	-1	-1	-1	-1	-1	-1	-1	-1	-1	-1	-1	22	224	239	53	-1	-1	-1	-1	-1	-1	-1	-1	-1	-1	-1	-1	60	105	79	21	205	-1	-1	-1	-1	-1	-1	-1	-1	-1	-1	-1	176	44	104	244	62	-1	-1	-1	-1	-1	-1	-1	-1	-1	-1	-1	35	2	14	221	78	-1	-1	-1	-1	-1	-1
-1	-1	-1	-1	-1	-1	6	-1	59	234	17	-1	-1	-1	-1	-1	-1	-1	-1	-1	-1	-1	-1	5	71	168	222	21	-1	-1	-1	-1	-1	-1	-1	-1	-1	-1	-1	48	133	-1	177	-1	119	-1	-1	-1	-1	-1	-1	-1	-1	-1	-1	-1	176	54	127	-1	213	-1	-1	-1	-1	-1	-1	-1	-1	-1	-1	-1	68	248	254	227	193	-1	-1	-1	-1	-1	-1	-1	-1	-1	-1	-1	250	197	247	178	39	-1	-1	-1	-1	-1	-1	-1	-1	-1	-1	-1	246	161	91	232	121	-1	-1	-1	-1	-1	-1	-1	-1	-1	-1	-1	93	77	209	-1	142	-1	-1	-1	-1	-1	-1	-1	-1	-1	-1	-1	108	158	172	144	136	-1	-1	-1	-1	-1
-1	-1	-1	-1	-1	-1	-1	218	145	200	187	86	-1	-1	-1	-1	-1	-1	-1	-1	-1	-1	-1	-1	243	233	250	225	-1	-1	-1	-1	-1	-1	-1	-1	-1	-1	-1	-1	171	227	81	197	89	38	-1	-1	-1	-1	-1	-1	-1	-1	-1	-1	-1	170	61	154	135	248	-1	-1	-1	-1	-1	-1	-1	-1	-1	-1	-1	190	221	110	93	10	-1	-1	-1	-1	-1	-1	-1	-1	-1	-1	-1	63	164	83	98	-1	-1	-1	-1	-1	-1	-1	-1	-1	-1	-1	-1	246	241	-1	172	33	-1	-1	-1	-1	-1	-1	-1	-1	-1	-1	-1	133	49	165	117	26	-1	-1	-1	-1	-1	-1	-1	-1	-1	-1	-1	139	152	62	129	183	-1	-1	-1	-1
-1	-1	-1	-1	-1	-1	-1	-1	8	238	226	210	11	-1	-1	-1	-1	-1	-1	-1	-1	-1	-1	-1	-1	244	147	206	202	84	-1	-1	-1	-1	-1	-1	-1	-1	-1	-1	-1	96	178	149	252	177	102	-1	-1	-1	-1	-1	-1	-1	-1	-1	-1	-1	90	77	253	180	80	-1	-1	-1	-1	-1	-1	-1	-1	-1	-1	-1	157	72	98	121	191	-1	-1	-1	-1	-1	-1	-1	-1	-1	-1	-1	216	232	59	245	133	-1	-1	-1	-1	-1	-1	-1	-1	-1	-1	-1	42	6	107	61	94	-1	-1	-1	-1	-1	-1	-1	-1	-1	-1	-1	166	23	76	255	134	-1	-1	-1	-1	-1	-1	-1	-1	-1	-1	-1	47	224	187	31	20	-1	-1	-1
-1	-1	-1	-1	-1	-1	-1	-1	-1	233	203	216	2	91	-1	-1	-1	-1	-1	-1	-1	-1	-1	-1	-1	-1	-1	140	234	28	210	-1	-1	-1	-1	-1	-1	-1	-1	-1	-1	-1	-1	247	206	35	145	193	-1	-1	-1	-1	-1	-1	-1	-1	-1	-1	-1	44	54	104	87	211	-1	-1	-1	-1	-1	-1	-1	-1	-1	-1	-1	146	-1	5	-1	110	-1	-1	-1	-1	-1	-1	-1	-1	-1	-1	-1	52	15	0	249	144	-1	-1	-1	-1	-1	-1	-1	-1	-1	-1	-1	159	-1	178	226	-1	-1	-1	-1	-1	-1	-1	-1	-1	-1	-1	-1	47	253	-1	156	-1	-1	-1	-1	-1	-1	-1	-1	-1	-1	-1	-1	157	36	134	142	116	-1	-1
-1	-1	-1	-1	-1	-1	-1	-1	-1	-1	3	10	72	191	17	203	-1	-1	-1	-1	-1	-1	-1	-1	-1	-1	-1	237	83	9	96	209	-1	-1	-1	-1	-1	-1	-1	-1	-1	-1	-1	-1	222	-1	13	132	135	-1	-1	-1	-1	-1	-1	-1	-1	-1	-1	-1	36	70	117	106	104	-1	-1	-1	-1	-1	-1	-1	-1	-1	-1	-1	198	174	73	122	246	-1	-1	-1	-1	-1	-1	-1	-1	-1	-1	-1	204	208	25	-1	85	-1	-1	-1	-1	-1	-1	-1	-1	-1	-1	-1	169	-1	124	188	213	-1	-1	-1	-1	-1	-1	-1	-1	-1	-1	-1	187	227	141	240	24	-1	-1	-1	-1	-1	-1	-1	-1	-1	-1	-1	47	223	35	137	185	-1
-1	-1	-1	-1	-1	-1	-1	-1	-1	-1	-1	37	44	-1	212	124	4	-1	-1	-1	-1	-1	-1	-1	-1	-1	-1	-1	121	95	24	245	150	-1	-1	-1	-1	-1	-1	-1	-1	-1	-1	-1	-1	213	-1	-1	34	176	-1	-1	-1	-1	-1	-1	-1	-1	-1	-1	-1	-1	81	249	40	133	-1	-1	-1	-1	-1	-1	-1	-1	-1	-1	-1	158	105	102	148	196	-1	-1	-1	-1	-1	-1	-1	-1	-1	-1	-1	161	106	146	254	255	-1	-1	-1	-1	-1	-1	-1	-1	-1	-1	-1	76	181	49	-1	-1	-1	-1	-1	-1	-1	-1	-1	-1	-1	-1	-1	175	19	112	210	46	-1	-1	-1	-1	-1	-1	-1	-1	-1	-1	-1	137	186	134	59	83
