254	-1	-1	-1	-1	-1	-1	-1	-1	-1	-1	-1	190	60	168	236	98	-1	-1	-1	-1	-1	-1	-1	-1	-1	-1	-1	189	138	92	173	172	85	-1	-1	-1	-1	-1	-1	-1	-1	-1	-1	-1	-1	34	149	55	82	19	-1	-1	-1	-1	-1	-1	-1	-1	-1	-1	-1	20	90	135	21	154	-1	-1	-1	-1	-1	-1	-1	-1	-1	-1	-1	139	8	183	157	227	-1	-1	-1	-1	-1	-1	-1	-1	-1	-1	-1	146	45	41	111	193	-1	-1	-1	-1	-1	-1	-1	-1	-1	-1	-1	131	246	49	165	38	-1	-1	-1	-1	-1	-1	-1	-1	-1	-1	-1	241	230	130	242	119	-1	-1	-1	-1	-1	-1	-1	-1	-1	-1	-1	-1	224	80	7
30	12	-1	-1	-1	-1	-1	-1	-1	-1	-1	-1	-1	215	19	171	207	78	-1	-1	-1	-1	-1	-1	-1	-1	-1	-1	-1	216	122	57	117	133	220	-1	-1	-1	-1	-1	-1	-1	-1	-1	-1	-1	-1	13	97	7	193	221	-1	-1	-1	-1	-1	-1	-1	-1	-1	-1	-1	63	210	205	197	154	-1	-1	-1	-1	-1	-1	-1	-1	-1	-1	-1	46	48	162	203	41	-1	-1	-1	-1	-1	-1	-1	-1	-1	-1	-1	114	52	67	251	140	-1	-1	-1	-1	-1	-1	-1	-1	-1	-1	-1	74	106	37	92	183	-1	-1	-1	-1	-1	-1	-1	-1	-1	-1	-1	195	176	173	172	213	-1	-1	-1	-1	-1	-1	-1	-1	-1	-1	-1	1	58	77
85	244	72	-1	-1	-1	-1	-1	-1	-1	-1	-1	-1	-1	218	217	206	79	91	-1	-1	-1	-1	-1	-1	-1	-1	-1	-1	-1	-1	169	130	163	230	87	252	-1	-1	-1	-1	-1	-1	-1	-1	-1	-1	-1	29	157	141	210	86	-1	-1	-1	-1	-1	-1	-1	-1	-1	-1	-1	228	132	105	15	56	-1	-1	-1	-1	-1	-1	-1	-1	-1	-1	-1	118	183	164	185	23	-1	-1	-1	-1	-1	-1	-1	-1	-1	-1	-1	45	38	21	124	10	-1	-1	-1	-1	-1	-1	-1	-1	-1	-1	-1	188	88	179	202	175	-1	-1	-1	-1	-1	-1	-1	-1	-1	-1	-1	251	180	-1	158	172	-1	-1	-1	-1	-1	-1	-1	-1	-1	-1	-1	33	162
123	71	111	216	-1	-1	-1	-1	-1	-1	-1	-1	-1	-1	-1	211	173	13	70	58	-1	-1	-1	-1	-1	-1	-1	-1	-1	-1	-1	-1	35	2	137	0	201	63	-1	-1	-1	-1	-1	-1	-1	-1	-1	-1	-1	135	207	163	147	17	-1	-1	-1	-1	-1	-1	-1	-1	-1	-1	-1	174	181	86	189	122	-1	-1	-1	-1	-1	-1	-1	-1	-1	-1	-1	228	9	159	195	160	-1	-1	-1	-1	-1	-1	-1	-1	-1	-1	-1	25	158	104	148	250	-1	-1	-1	-1	-1	-1	-1	-1	-1	-1	-1	81	62	231	28	177	-1	-1	-1	-1	-1	-1	-1	-1	-1	-1	-1	197	27	225	186	255	-1	-1	-1	-1	-1	-1	-1	-1	-1	-1	-1	210
235	17	191	182	31	-1	-1	-1	-1	-1	-1	-1	-1	-1	-1	-1	51	230	143	9	146	-1	-1	-1	-1	-1	-1	-1	-1	-1	-1	-1	-1	110	186	120	205	239	21	-1	-1	-1	-1	-1	-1	-1	-1	-1	-1	-1	118	95	238	16	173	-1	-1	-1	-1	-1	-1	-1	-1	-1	-1	-1	36	219	114	212	236	-1	-1	-1	-1	-1	-1	-1	-1	-1	-1	-1	233	63	117	65	69	-1	-1	-1	-1	-1	-1	-1	-1	-1	-1	-1	245	76	159	200	90	-1	-1	-1	-1	-1	-1	-1	-1	-1	-1	-1	78	49	107	103	38	-1	-1	-1	-1	-1	-1	-1	-1	-1	-1	-1	162	96	77	169	26	-1	-1	-1	-1	-1	-1	-1	-1	-1	-1	-1
-1	200	116	222	177	250	-1	-1	-1	-1	-1	-1	-1	-1	-1	-1	-1	251	138	173	147	6	-1	-1	-1	-1	-1	-1	-1	-1	-1	-1	-1	-1	2	113	49	29	128	16	-1	-1	-1	-1	-1	-1	-1	-1	-1	-1	-1	26	205	8	239	126	-1	-1	-1	-1	-1	-1	-1	-1	-1	-1	-1	93	66	229	3	237	-1	-1	-1	-1	-1	-1	-1	-1	-1	-1	-1	89	155	241	220	37	-1	-1	-1	-1	-1	-1	-1	-1	-1	-1	-1	228	219	85	76	226	-1	-1	-1	-1	-1	-1	-1	-1	-1	-1	-1	159	139	73	154	255	-1	-1	-1	-1	-1	-1	-1	-1	-1	-1	-1	59	110	68	166	234	-1	-1	-1	-1	-1	-1	-1	-1	-1	-1
-1	-1	20	190	38	16	168	-1	-1	-1	-1	-1	-1	-1	-1	-1	-1	-1	249	139	250	201	67	-1	-1	-1	-1	-1	-1	-1	-1	-1	-1	-1	-1	170	9	79	194	72	45	-1	-1	-1	-1	-1	-1	-1	-1	-1	-1	-1	85	145	188	123	113	-1	-1	-1	-1	-1	-1	-1	-1	-1	-1	-1	0	101	47	121	225	-1	-1	-1	-1	-1	-1	-1	-1	-1	-1	-1	40	64	128	151	142	-1	-1	-1	-1	-1	-1	-1	-1	-1	-1	-1	239	13	117	187	164	-1	-1	-1	-1	-1	-1	-1	-1	-1	-1	-1	163	134	127	26	116	-1	-1	-1	-1	-1	-1	-1	-1	-1	-1	-1	223	148	49	37	62	-1	-1	-1	-1	-1	-1	-1	-1	-1
-1	-1	-1	137	208	178	145	124	-1	-1	-1	-1	-1	-1	-1	-1	-1	-1	-1	54	109	243	146	0	-1	-1	-1	-1	-1	-1	-1	-1	-1	-1	-1	-1	-1	217	148	81	65	184	-1	-1	-1	-1	-1	-1	-1	-1	-1	-1	-1	133	152	33	9	190	-1	-1	-1	-1	-1	-1	-1	-1	-1	-1	-1	117	52	19	116	114	-1	-1	-1	-1	-1	-1	-1	-1	-1	-1	-1	26	68	103	193	206	-1	-1	-1	-1	-1	-1	-1	-1	-1	-1	-1	211	93	198	179	72	-1	-1	-1	-1	-1	-1	-1	-1	-1	-1	-1	240	113	226	112	49	-1	-1	-1	-1	-1	-1	-1	-1	-1	-1	-1	82	224	186	7	86	-1	-1	-1	-1	-1	-1	-1	-1
-1	-1	-1	-1	179	229	218	63	190	-1	-1	-1	-1	-1	-1	-1	-1	-1	-1	-1	230	233	92	111	185	-1	-1	-1	-1	-1	-1	-1	-1	-1	-1	-1	-1	-1	42	101	154	118	61	-1	-1	-1	-1	-1	-1	-1	-1	-1	-1	-1	148	2	112	228	93	-1	-1	-1	-1	-1	-1	-1	-1	-1	-1	-1	214	83	202	207	167	-1	-1	-1	-1	-1	-1	-1	-1	-1	-1	-1	87	182	186	143	18	-1	-1	-1	-1	-1	-1	-1	-1	-1	-1	-1	176	54	151	204	20	-1	-1	-1	-1	-1	-1	-1	-1	-1	-1	-1	116	173	134	247	56	-1	-1	-1	-1	-1	-1	-1	-1	-1	-1	-1	188	10	74	180	175	-1	-1	-1	-1	-1	-1	-1
-1	-1	-1	-1	-1	65	177	34	97	228	-1	-1	-1	-1	-1	-1	-1	-1	-1	-1	-1	87	134	222	99	114	-1	-1	-1	-1	-1	-1	-1	-1	-1	-1	-1	-1	-1	167	27	185	254	165	-1	-1	-1	-1	-1	-1	-1	-1	-1	-1	-1	52	136	255	25	44	-1	-1	-1	-1	-1	-1	-1	-1	-1	-1	-1	196	74	10	213	201	-1	-1	-1	-1	-1	-1	-1	-1	-1	-1	-1	23	50	188	4	85	-1	-1	-1	-1	-1	-1	-1	-1	-1	-1	-1	29	54	31	125	204	-1	-1	-1	-1	-1	-1	-1	-1	-1	-1	-1	117	162	17	230	111	-1	-1	-1	-1	-1	-1	-1	-1	-1	-1	-1	124	75	130	253	145	-1	-1	-1	-1	-1	-1
-1	-1	-1	-1	-1	-1	77	249	203	25	129	-1	-1	-1	-1	-1	-1	-1	-1	-1	-1	-1	35	83	183	66	135	-1	-1	-1	-1	-1	-1	-1	-1	-1	-1	-1	-1	-1	245	198	95	97	184	-1	-1	-1	-1	-1	-1	-1	-1	-1	-1	-1	144	131	226	71	62	-1	-1	-1	-1	-1	-1	-1	-1	-1	-1	-1	124	15	72	231	127	-1	-1	-1	-1	-1	-1	-1	-1	-1	-1	-1	52	79	112	9	63	-1	-1	-1	-1	-1	-1	-1	-1	-1	-1	-1	152	177	237	218	56	-1	-1	-1	-1	-1	-1	-1	-1	-1	-1	-1	67	200	251	45	255	-1	-1	-1	-1	-1	-1	-1	-1	-1	-1	-1	225	58	165	230	196	-1	-1	-1	-1	-1
-1	-1	-1	-1	-1	-1	-1	64	117	21	240	255	-1	-1	-1	-1	-1	-1	-1	-1	-1	-1	-1	159	104	59	113	124	-1	-1	-1	-1	-1	-1	-1	-1	-1	-1	-1	-1	-1	148	186	61	151	185	-1	-1	-1	-1	-1	-1	-1	-1	-1	-1	-1	144	128	183	132	46	-1	-1	-1	-1	-1	-1	-1	-1	-1	-1	-1	166	47	110	249	74	-1	-1	-1	-1	-1	-1	-1	-1	-1	-1	-1	16	1	35	101	29	-1	-1	-1	-1	-1	-1	-1	-1	-1	-1	-1	94	246	210	158	123	-1	-1	-1	-1	-1	-1	-1	-1	-1	-1	-1	41	105	129	136	79	-1	-1	-1	-1	-1	-1	-1	-1	-1	-1	-1	223	39	179	76	233	-1	-1	-1	-1
-1	-1	-1	-1	-1	-1	-1	-1	54	109	133	216	104	-1	-1	-1	-1	-1	-1	-1	-1	-1	-1	-1	97	209	46	11	82	-1	-1	-1	-1	-1	-1	-1	-1	-1	-1	-1	-1	-1	250	94	48	215	17	-1	-1	-1	-1	-1	-1	-1	-1	-1	-1	-1	253	156	70	165	219	-1	-1	-1	-1	-1	-1	-1	-1	-1	-1	-1	73	85	157	60	167	-1	-1	-1	-1	-1	-1	-1	-1	-1	-1	-1	184	230	139	121	5	-1	-1	-1	-1	-1	-1	-1	-1	-1	-1	-1	153	83	240	172	194	-1	-1	-1	-1	-1	-1	-1	-1	-1	-1	-1	146	214	201	10	103	-1	-1	-1	-1	-1	-1	-1	-1	-1	-1	-1	211	18	181	227	111	-1	-1	-1
-1	-1	-1	-1	-1	-1	-1	-1	-1	46	87	108	22	159	-1	-1	-1	-1	-1	-1	-1	-1	-1	-1	-1	27	33	20	54	145	187	-1	-1	-1	-1	-1	-1	-1	-1	-1	-1	-1	-1	155	121	5	110	99	-1	-1	-1	-1	-1	-1	-1	-1	-1	-1	-1	154	30	143	255	186	-1	-1	-1	-1	-1	-1	-1	-1	-1	-1	-1	229	23	214	92	198	-1	-1	-1	-1	-1	-1	-1	-1	-1	-1	-1	71	238	206	140	239	-1	-1	-1	-1	-1	-1	-1	-1	-1	-1	-1	115	4	17	160	113	-1	-1	-1	-1	-1	-1	-1	-1	-1	-1	-1	181	13	225	118	7	-1	-1	-1	-1	-1	-1	-1	-1	-1	-1	-1	156	25	246	82	147	-1	-1
-1	-1	-1	-1	-1	-1	-1	-1	-1	-1	37	35	59	45	245	-1	-1	-1	-1	-1	-1	-1	-1	-1	-1	-1	96	33	184	243	150	188	-1	-1	-1	-1	-1	-1	-1	-1	-1	-1	-1	-1	200	251	109	119	219	-1	-1	-1	-1	-1	-1	-1	-1	-1	-1	-1	125	5	41	117	70	-1	-1	-1	-1	-1	-1	-1	-1	-1	-1	-1	170	193	6	230	3	-1	-1	-1	-1	-1	-1	-1	-1	-1	-1	-1	36	212	250	177	60	-1	-1	-1	-1	-1	-1	-1	-1	-1	-1	-1	159	57	55	131	173	-1	-1	-1	-1	-1	-1	-1	-1	-1	-1	-1	226	126	80	254	28	-1	-1	-1	-1	-1	-1	-1	-1	-1	-1	-1	92	103	160	181	39	-1
-1	-1	-1	-1	-1	-1	-1	-1	-1	-1	-1	119	38	189	126	237	-1	-1	-1	-1	-1	-1	-1	-1	-1	-1	-1	139	17	182	212	138	30	-1	-1	-1	-1	-1	-1	-1	-1	-1	-1	-1	-1	76	175	230	181	171	-1	-1	-1	-1	-1	-1	-1	-1	-1	-1	-1	156	92	239	227	58	-1	-1	-1	-1	-1	-1	-1	-1	-1	-1	-1	107	249	90	50	204	-1	-1	-1	-1	-1	-1	-1	-1	-1	-1	-1	39	180	184	150	218	-1	-1	-1	-1	-1	-1	-1	-1	-1	-1	-1	98	224	226	94	59	-1	-1	-1	-1	-1	-1	-1	-1	-1	-1	-1	193	205	117	133	51	-1	-1	-1	-1	-1	-1	-1	-1	-1	-1	-1	0	172	125	9	73
